<?xml version="1.0"?>
<opencv_storage>
<intrinsic type_id="opencv-matrix">
  <rows>3</rows>
  <cols>3</cols>
  <dt>f</dt>
  <data>
    5.19823853e+002 0. 3.45222687e+002 0. 5.15936462e+002
    2.30105118e+002 0. 0. 1.</data></intrinsic>
<rotation type_id="opencv-matrix">
  <rows>1</rows>
  <cols>3</cols>
  <dt>f</dt>
  <data>
    -2.02608609e+000 1.70667577e+000 8.19172919e-001</data></rotation>
<translation type_id="opencv-matrix">
  <rows>1</rows>
  <cols>3</cols>
  <dt>f</dt>
  <data>
    5.92627220e+001 1.07010719e+002 3.19800873e+002</data></translation>
<distortion type_id="opencv-matrix">
  <rows>1</rows>
  <cols>4</cols>
  <dt>f</dt>
  <data>
    -2.74419636e-001 8.38125497e-002 5.04911970e-003 -3.10417661e-003</data></distortion>
</opencv_storage>
